feature,occurrence,estimate,p.value
cabg_double,198.0,-0.3748392075466186,0.08723862947074165
cabg_double_aortic_valve,36.0,-0.19992955110783106,0.3701553735501665
cabg_quadruple,99.0,-0.15901534605676493,0.3976045104616896
cabg_single,61.0,-0.4457497030373273,0.20243351399602644
cabg_single_aortic_valve,33.0,-0.7848273458515267,0.0022128515882893908
cabg_single_mitral_valve,8.0,-0.3422936252883576,0.40738670042028513
cabg_triple,502.0,-0.08239845309024857,0.5635937998591891
cabg_triple_mitral_valve,15.0,-0.1400440541177844,0.6364870235757173
esvh,804.0,0.1394843019159214,0.3694297406012498
radial_artery_harvesting_endoscopic,153.0,0.35485003166368473,0.13538604939284293
ross_procedure,17.0,-0.18155609452068125,0.49888958175918985
cabg_double.esvh,155.0,0.06537077507758611,0.8111622300242477
cabg_quadruple.radial_artery_harvesting_endoscopic,22.0,-0.11431408091472137,0.7047578140711466
cabg_single.esvh,24.0,0.3776912594578331,0.35831487332965184
cabg_single.ita,41.0,-1.0813107967150695,0.006272109291489324
cabg_single.radial_artery_harvesting_endoscopic,6.0,-0.14844293606292047,0.7976873088710719
cabg_triple.esvh,446.0,-0.09476146347923392,0.6560972460991377
cabg_triple.radial_artery_harvesting_endoscopic,71.0,-0.15458504924294003,0.4771403524945082
esvh.radial_artery_harvesting_endoscopic,117.0,-0.22505765897916427,0.3744824397080301
other,662.0,-4.192680460377841,4.007594404002827e-40
