feature,occurrence,estimate,p.value
aortic_and_mitral_valve,15.0,-0.5100774798688827,0.12671787481642477
aortic_valve,202.0,-1.0743019134949867,5.562452526461789e-19
cabg_double,198.0,-0.021488621350277345,0.8369881917964731
cabg_double_aortic_valve,36.0,0.5108256237659896,0.2533539330266141
cabg_mini_thoracotomy_robotic,40.0,-0.07796154146971174,0.635341932351621
cabg_quadruple,99.0,-5.871193272429796e-16,0.9999999999999992
cabg_single,61.0,0.22449310521983423,0.31059841090193324
cabg_single_aortic_valve,33.0,-0.40909666229692915,0.057917819828883894
cabg_single_mitral_valve,8.0,-0.1376159651938241,0.7170825639765532
cabg_triple,502.0,0.08846642843523067,0.5670693213767739
cabg_triple_mitral_valve,15.0,0.6931471805599496,0.3269587102574714
cardiac_tamponade,34.0,-1.3291359472797124,6.679875889518897e-05
esvh,804.0,0.010855335879480281,0.911924550260794
mitral_valve_replacement_with_mini_thoracotomy,11.0,-1.701873607112866,0.016810140038713516
superior_vena_cava_cannulation,67.0,-0.00452076545555436,0.9720208139768888
transcatheter_aortic_valve_insertion,76.0,-0.2035989552412395,0.10890379787364154
cabg_double_aortic_valve.esvh,33.0,-0.5647056494782715,0.2498138223326874
cabg_quadruple.ita,96.0,0.09967576450646809,0.8664936973727358
cabg_single.ita,41.0,-0.5482412126892657,0.059662105630473895
cabg_triple.ita,464.0,-0.064149420388109,0.7244057308285807
cabg_triple_mitral_valve.esvh,14.0,-0.6636552310511505,0.38193224479570587
esvh.radial_artery_harvesting_endoscopic,117.0,0.34134423078042914,7.9789576567539e-05
ita.radial_artery_harvesting,41.0,0.42144061541701744,0.0014591591549638812
other,259.0,-1.945910149055329,2.5275380322522227e-32
