feature,occurrence,estimate,p.value
aortic_valve,202.0,-1.5585991964316839,3.2111442701734354e-25
bentall_procedure,27.0,-0.5476927524034214,0.04265124035121893
cabg_double,198.0,0.3976829676661008,0.0014653286398324345
cabg_double_aortic_valve,36.0,0.5108256237659948,0.25335393302661185
cabg_quadruple,99.0,0.1315256226757022,0.3056989690506769
cabg_single,61.0,0.15087870829205885,0.5387733217328339
cabg_triple,502.0,0.7020361279771858,8.473734317170337e-14
cabg_triple_mitral_valve,15.0,1.098612288668133,0.05705982036433609
cardiac_tamponade,34.0,-1.3291359472799407,6.679911705737627e-05
esvh,804.0,0.6351548324711387,1.2361040156757117e-08
cabg_double.esvh,155.0,-0.48881536646011514,0.006103635860866645
cabg_double_aortic_valve.esvh,33.0,-0.582045007157194,0.22456100024606582
cabg_single.esvh,24.0,0.3690939287790014,0.2171749969398842
cabg_single.ita,41.0,-0.9252947255975033,0.0007949255595429793
cabg_triple.esvh,446.0,-0.6003868063967921,5.874433495604003e-05
cabg_triple_mitral_valve.esvh,14.0,-1.1947706204065844,0.05492434758409906
esvh.radial_artery_harvesting,28.0,0.33910670744630633,0.0031915518918941292
other,469.0,-1.9609480264196686,3.8723459341867535e-57
