feature,occurrence,estimate,p.value
aortic_and_mitral_valve,15.0,-0.34589054754895315,0.28040942131465046
aortic_valve,202.0,-0.6500887893399228,1.6623658919361098e-10
aortic_valve_mini_sternotomy,18.0,-0.4924764850929819,0.10239283099194049
ascending_aorta_valve_sparing_root_replacement,22.0,-0.7393740253751215,0.02025159582990838
ascending_aortic_aneurysm_repair,20.0,-0.1844924151338277,0.4768856935946146
cabg_quadruple,99.0,-0.5977573763179591,1.1422811650681557e-05
cabg_triple,502.0,-0.4486044265123273,0.028086287686838705
elephant_trunk_procedure,8.0,-0.05011484416028602,0.9033225694828435
femoral_cannulation,74.0,-0.7777706081979588,8.574209102360128e-06
heart_transplant,11.0,-0.7884573603219938,0.07789165894149809
pericardial_window,14.0,-1.252762964264916,0.012222959545986843
ross_procedure,17.0,-0.49831341865705403,0.11511355487355487
transcatheter_aortic_valve_insertion,76.0,-1.3862943518413702,1.5115408600907552e-09
tricuspid_valve,31.0,-0.2444695809396339,0.2958209650648905
aortic_valve.esvh,13.0,-0.22066790050639296,0.6304324832299559
cabg_double_aortic_valve.ita,33.0,0.35955357108314834,0.1329107185870161
cabg_triple.ita,464.0,-0.3026079029557924,0.15956436267038976
esvh.sternotomy_redo,13.0,-0.5327297548217363,0.2896053767156327
other,574.0,-0.8990280403516264,1.4592031422464059e-40
