feature,occurrence,estimate,p.value
aortic_valve,202.0,-0.06732344073224766,0.35856199894266017
aortic_valve_mini_sternotomy,18.0,-0.1105098756836454,0.6588006059991776
ascending_aorta_valve_sparing_root_replacement,22.0,-0.12406749381518847,0.5934234470363083
bentall_procedure,27.0,-0.13977017563399705,0.555442454014332
cabg_double_aortic_valve,36.0,0.5751538524213072,0.21172094181198683
cabg_single,61.0,-0.4960806613510054,0.016377903646032182
cabg_single_aortic_valve,33.0,-0.6039046858211498,0.0020459351076464825
cabg_single_mitral_valve,8.0,-0.5261372759368561,0.15542717547405024
cabg_triple,502.0,0.33273635442918853,0.016833614419767426
cardiac_tamponade,34.0,-0.3074846997479331,0.12418959157887159
esvh,804.0,0.46841749445375674,0.016132049553231075
heart_transplant,11.0,0.0870113769896296,0.7630971032412128
ita,920.0,0.6483022750488375,7.2975858934207625e-06
mitral_and_tricuspid_valve,12.0,0.19796314222211683,0.44734405552577716
pericardial_window,14.0,-0.15415067982725814,0.5933459488448127
radial_artery_harvesting,42.0,-1.0564781499345377,0.3129917451988349
radial_artery_harvesting_endoscopic,153.0,1.9768225066498264,1.6069868529404068e-07
ross_procedure,17.0,-0.10384742489182852,0.6901235337697889
sternotomy_redo,56.0,0.05924470555545529,0.6820388097269721
sternum_debridement_and_closure,26.0,-0.6190392084038717,0.020545433595339342
transcatheter_aortic_valve_insertion,76.0,-0.341749293722056,0.012027576330435096
bentall_procedure.sternotomy_redo,6.0,-0.1558724621956683,0.7790856342445183
cabg_double.radial_artery_harvesting_endoscopic,46.0,0.34038614919205296,0.3587897596591231
cabg_double_aortic_valve.esvh,33.0,-0.60203298174295,0.21365373008801808
cabg_mini_thoracotomy_robotic.ita,39.0,-0.9297197373591195,7.741865906082085e-05
cabg_quadruple.radial_artery_harvesting_endoscopic,22.0,0.24903137840987807,0.5298075597138499
cabg_single.esvh,24.0,0.36779708228685964,0.20042944886726738
cabg_single.radial_artery_harvesting_endoscopic,6.0,-1.5704714183826973,0.022581130824482668
cabg_triple.esvh,446.0,0.1960795954961184,0.3615600797681261
cabg_triple.ita,464.0,-0.49998345313827675,0.03478292302488402
cabg_triple.radial_artery_harvesting_endoscopic,71.0,0.35411705419002115,0.3231831422228339
esvh.ita,775.0,-0.7323290924055682,0.002414555539448234
esvh.radial_artery_harvesting_endoscopic,117.0,0.5319658948629288,0.020914670056648908
ita.radial_artery_harvesting,41.0,0.8506423991406099,0.42183091441989684
ita.radial_artery_harvesting_endoscopic,147.0,-2.8320363992775284,3.104945919084958e-20
radial_artery_harvesting_endoscopic.sternotomy_redo,5.0,-0.7496084602357382,0.20118403837956705
other,215.0,-0.22897447162500112,0.0027513860671756897
