feature,occurrence,estimate,p.value
aortic_and_mitral_valve,15.0,0.07048396325914254,0.7662483778801359
aortic_valve,197.0,0.06013915891810298,0.39046042707516987
aortic_valve_mini_sternotomy,18.0,-0.0051796045740846635,0.9824862014637646
aortic_valve_transcatheter_apical_insertion_left_anterior_mi,19.0,-0.0,1.0
ascending_aorta_valve_sparing_root_replacement,22.0,0.11379966305068612,0.5709634441059852
ascending_aortic_aneurysm_repair,20.0,-0.00046532669174263416,0.9982062227757402
atrial_ablation,13.0,0.16607610225207015,0.4997210387736774
bentall_procedure,26.0,0.08936047398123635,0.6179240169477989
cabg_double,194.0,0.8496089336806184,1.5371550141859184e-05
cabg_double_aortic_valve,35.0,0.6421969247231167,0.11730994898940178
cabg_quadruple,97.0,1.0377762471354963,7.552594356836017e-05
cabg_single,61.0,0.49653446471785967,0.0007279540757706303
cabg_single_aortic_valve,32.0,0.5520133545267905,0.08368046418164887
cabg_single_mitral_valve,8.0,0.14333293098997277,0.6025638993988058
cabg_triple,493.0,0.9833646976585853,2.2459858242886654e-22
cabg_triple_mitral_valve,14.0,1.3862943611198708,0.005561235724619235
cardiac_tamponade,30.0,0.06455402853927926,0.7151896504894493
esvh,788.0,0.7736930070280984,2.676886858168409e-07
femoral_cannulation,73.0,-0.0017825539828741832,0.9879407685730508
heart_transplant,11.0,0.08701137698963252,0.7630970946134544
ita,903.0,0.14566763719744596,0.16378431448281536
mitral_and_tricuspid_valve,12.0,-0.013804070419103576,0.9557779279061329
mitral_valve,36.0,0.04674931987047142,0.7967703358310154
pericardial_window,11.0,5.0996307928163495e-18,1.0
ross_procedure,16.0,0.07561619841131442,0.7491681831483261
sternum_debridement,9.0,-0.0,1.0
sternum_debridement_and_closure,17.0,-0.0,1.0
transcatheter_aortic_valve_insertion,73.0,0.01360565205577856,0.9068281621260894
aortic_valve.cabg_single,11.0,-0.29210478452424216,0.3063840978694057
cabg_double.esvh,151.0,-0.6629257084068819,0.0006788816825659374
cabg_double.ita,183.0,-0.19296684885376028,0.43122954500650185
cabg_double_aortic_valve.esvh,32.0,-0.7865970301685471,0.07603310468249987
cabg_quadruple.esvh,92.0,-0.9407796805047515,0.0013623086344516186
cabg_single.esvh,24.0,-0.6419886940464399,0.010193147432233662
cabg_single_aortic_valve.esvh,10.0,-0.6292512047678283,0.09545477468950386
cabg_single_aortic_valve.ita,20.0,-0.1623180433150929,0.6450259825109255
cabg_triple.esvh,439.0,-0.7634157179598792,0.00012270167720464578
cabg_triple.ita,456.0,-0.13387198899835115,0.47281274865798734
cabg_triple_mitral_valve.esvh,13.0,-1.3337617824926509,0.013970783627134683
esvh.mitral_valve,8.0,-0.1243105476653065,0.6964113879126351
other,48.0,0.09909090264443089,0.4706678208776541
