feature,occurrence,estimate,p.value
aortic_and_mitral_valve,15.0,0.12405818739115741,0.590468064472877
aortic_valve,199.0,0.08571632797424857,0.21803853912055632
aortic_valve_mini_sternotomy,18.0,0.048116495316652574,0.8340471652155664
aortic_valve_transcatheter_apical_insertion_left_anterior_mi,21.0,0.046520015634893296,0.8272746751044666
ascending_aorta_valve_sparing_root_replacement,21.0,0.07239028600417474,0.7295150015825078
ascending_aortic_aneurysm_repair,20.0,0.2146733187950904,0.24645564141116424
bentall_procedure,26.0,0.10204418317946919,0.5539101070678136
cabg_double,192.0,0.9780285091330074,1.2693122616598512e-21
cabg_double_aortic_valve,36.0,1.1414654681276817,0.0006257795021238909
cabg_quadruple,92.0,1.2992829841313633,1.6381847556212145e-05
cabg_single,61.0,0.635735512064868,2.0438669024162375e-07
cabg_single_aortic_valve,32.0,0.4378147233112289,0.003344581359564917
cabg_single_mitral_valve,8.0,0.592181185385999,0.02044923599777663
cabg_triple,493.0,1.108497643193234,2.8567990614354614e-46
cabg_triple_aortic_valve,20.0,0.9448025550376938,4.8907171470350164e-06
cabg_triple_mitral_valve,15.0,0.8095507107900111,0.00020475748650907735
cardiac_tamponade,33.0,0.18514182230184706,0.24207145499389837
esvh,782.0,0.3836810384659247,0.02520392101636028
femoral_cannulation,71.0,0.04470462430016499,0.6993495952835915
heart_transplant,8.0,-0.0,1.0
mitral_and_tricuspid_valve,12.0,0.30241597091122624,0.14020887223305983
mitral_valve,36.0,0.07015028135493172,0.7379899983855014
pericardial_window,10.0,-0.0,1.0
radial_artery_harvesting_endoscopic,148.0,-0.13449628719872467,0.013521627799325102
ross_procedure,16.0,0.12489785306882578,0.5874877518360591
sternum_debridement,10.0,-0.0,1.0
sternum_debridement_and_closure,21.0,-5.157859909082264e-16,0.9999999999999981
transcatheter_aortic_valve_insertion,74.0,0.052643733485439145,0.6419766386932236
aortic_valve.ita,11.0,-0.3171069040330252,0.17303979208326267
cabg_double.esvh,151.0,-0.330784995288598,0.10441550480720652
cabg_double_aortic_valve.esvh,33.0,-0.4849825543486498,0.21274482399706468
cabg_quadruple.ita,89.0,-0.292343338484802,0.4033930511222643
cabg_single.esvh,24.0,-0.38028753352980454,0.12650830676422847
cabg_triple.esvh,437.0,-0.24728360671247762,0.19270805338662766
esvh.mitral_valve,8.0,-0.07844416222679744,0.7997993363409222
mitral_valve.tricuspid_valve,8.0,-0.10316084679730053,0.8021877761202605
other,93.0,0.12136085700436892,0.2136545471325837
