feature,occurrence,estimate,p.value
ascending_aorta_valve_sparing_root_replacement,22.0,0.3364722366212129,0.20804339680897818
cabg_single_mitral_valve,8.0,-0.33647223662121384,0.451825694933286
cabg_triple_aortic_valve,20.0,-19.754570216731207,0.9983279414778268
mitral_and_tricuspid_valve,12.0,-0.4532150927636541,0.23163010482367444
mitral_valve,36.0,-0.5567617222113057,0.030406223202911406
mitral_valve_repair_mini_thorocotomy,50.0,0.6196930702069456,0.04099899665829652
mitral_valve_replacement_with_mini_thoracotomy,11.0,-1.305433670985555,0.03180108565012196
superior_vena_cava_cannulation,67.0,0.013447163434888753,0.9626756236574019
tricuspid_valve,31.0,-0.013449525162299003,0.9443097305655006
ascending_aorta_valve_sparing_root_replacement.axillary_cannulation,12.0,-0.25642952894767634,0.5055604507432061
cabg_triple.radial_artery_harvesting_endoscopic,71.0,-14.419501504568455,0.9896556267448864
cabg_triple_aortic_valve.ita,19.0,0.45198512373997024,0.9999627119090195
esvh.mitral_valve,8.0,1.008746845954362,0.010915871166901462
esvh.sternotomy_redo,13.0,-15.857587064265973,0.9910732667838132
other,1475.0,-4.842754421456996,4.741653267946152e-58
