feature,occurrence,estimate,p.value
cabg_double,198.0,0.5323506250238471,4.682386315547989e-06
cabg_quadruple,99.0,0.511407240895183,3.835483879701832e-07
cabg_single,61.0,0.6153544710898541,0.001929479789533555
cabg_triple,502.0,1.1505618233114536,1.5638931141475017e-35
cabg_triple_mitral_valve,15.0,2.1972245773362347,4.3489551053259125e-11
esvh,804.0,0.5986862364421246,1.2797100606266173e-12
radial_artery_harvesting,42.0,-14.611070420437441,0.975164122484291
cabg_double.esvh,155.0,-0.5950073755530194,0.00013653269884792238
cabg_single.esvh,24.0,-0.5407241958649257,0.0371551396396768
cabg_single.ita,41.0,-0.9477891170590061,0.00011064020692660291
cabg_triple.esvh,446.0,-0.4407627397826201,0.007345966022643101
cabg_triple.ita,464.0,-0.39193825245140895,0.01437247945189031
cabg_triple_mitral_valve.esvh,14.0,-1.7714064972639727,3.0092931461101533e-06
ita.radial_artery_harvesting,41.0,14.800322137073946,0.9748425395349243
other,709.0,-1.9788880478615665,1.882190660065865e-85
