feature,occurrence,estimate,p.value
aortic_and_mitral_valve,15.0,1.5828177801635843,4.6279199423985783e-48
aortic_valve,202.0,1.2737841317961989,3.2009154301046926e-286
aortic_valve_mini_sternotomy,18.0,1.6298833062497677,4.148746374122975e-59
ascending_aorta_valve_sparing_root_replacement,22.0,1.8914932278879653,3.083591963211585e-85
ascending_aortic_aneurysm_repair,20.0,1.258039979906808,1.7739194837938202e-47
axillary_cannulation,22.0,0.34063239002081463,0.00017304850041885466
bentall_procedure,27.0,0.9536805090318804,3.6427221423317764e-34
cabg_double_aortic_valve,36.0,1.7917594692280476,2.920587185235356e-14
cabg_single,61.0,0.4392094031590888,4.922005503245593e-07
cabg_single_aortic_valve,33.0,1.479801802896573,2.0166496769682016e-75
cabg_single_mitral_valve,8.0,1.4710728638277142,3.09419951445952e-20
cabg_triple,502.0,0.4713967414614855,2.2196063521143232e-41
cardiac_tamponade,34.0,0.5130543799772318,6.373456598552929e-05
femoral_cannulation,74.0,0.5965597180512558,4.226709365087252e-18
heart_transplant,11.0,2.256065077359153,3.067089440705362e-118
mitral_and_tricuspid_valve,12.0,1.1008916086575724,9.579304559409622e-15
mitral_valve,36.0,0.39756715240728124,2.8373359306981796e-06
ross_procedure,17.0,3.629047664054632,0.0
transcatheter_aortic_valve_insertion,76.0,0.22314355131421867,0.029635028819966592
tricuspid_valve,31.0,0.7826027780539012,1.9838655271765433e-17
ascending_aorta_valve_sparing_root_replacement.axillary_cannulation,12.0,-0.11445781914105876,0.4806084982357995
cabg_double_aortic_valve.esvh,33.0,-0.5667541506323966,0.025461002617839117
cabg_single.esvh,24.0,-0.4057297513760671,0.008714317567449274
other,500.0,0.44083225211929816,1.0482683815715517e-34
