feature,occurrence,estimate,p.value
aortic_and_mitral_valve,15.0,0.5585093273429687,0.0028412979398004332
aortic_valve,202.0,0.6153744293835826,6.3277893235463e-31
aortic_valve_mini_sternotomy,18.0,0.5190559545018079,0.00391713869701262
ascending_aorta_valve_sparing_root_replacement,22.0,0.5062233442725725,0.0013811559236790174
ascending_aortic_aneurysm_repair,20.0,0.3450620583773091,0.0292140734455976
bentall_procedure,27.0,0.3698683895421325,0.007269638643833141
cabg_double,198.0,0.5332244394717608,7.390110150585501e-05
cabg_double_aortic_valve,36.0,0.9558735935853353,0.016623070591470574
cabg_mini_thoracotomy_robotic,40.0,0.6931471805599498,0.32695871025747236
cabg_quadruple,99.0,0.5143824599575264,0.1260022653093259
cabg_single,61.0,0.4876794264353314,0.0004939583889443831
cabg_single_aortic_valve,33.0,0.5952103745865319,0.0004042185913786161
cabg_single_mitral_valve,8.0,0.4856231906441422,0.04647054516886202
cabg_triple,502.0,0.5970252265584848,1.0217087855309001e-08
cabg_triple_mitral_valve,15.0,0.6931471805599076,0.32695871025748197
cardiac_tamponade,34.0,0.43188431927382215,0.0016856872604084088
ecmo,8.0,0.044390439317285556,0.8949271533068701
elephant_trunk_procedure,8.0,0.2580160124269156,0.3095710320675064
esvh,804.0,0.5717308176272266,0.00016262962131916974
heart_transplant,11.0,0.6931471805599452,0.001149398213404555
ita,920.0,0.17430081061506073,0.07755374973018002
mitral_and_tricuspid_valve,12.0,0.010680164537317256,0.9660814420680114
mitral_valve,36.0,0.45026388273787094,0.0011505574083874232
pericardial_window,14.0,-0.6931471805422237,0.0666687622876373
ross_procedure,17.0,0.7096469457094237,1.7573899955198826e-05
sternum_debridement,13.0,-0.08352819834483204,0.773271033554871
sternum_debridement_and_closure,26.0,0.5243488319812479,0.0005316252570629708
aortic_valve.cabg_single,11.0,-0.3956389391610759,0.17501650931399293
aortic_valve.ita,11.0,-0.44007715569531736,0.07409169662567566
cabg_double.esvh,155.0,-0.49642346253019304,0.007936964599434746
cabg_double_aortic_valve.esvh,33.0,-0.4986579037902112,0.36516151401060803
cabg_double_aortic_valve.ita,33.0,-0.5434346835622557,0.2855898807367186
cabg_mini_thoracotomy_robotic.ita,39.0,-2.1331143645040544,0.0059173929231101235
cabg_quadruple.esvh,94.0,-0.5426678603278776,0.13777204201979393
cabg_single.esvh,24.0,-0.5579401225649487,0.023304914386188445
cabg_single_aortic_valve.esvh,11.0,-0.5078288540181812,0.11443614274358403
cabg_triple.esvh,446.0,-0.6463834826048054,0.00010229793939273878
cabg_triple_mitral_valve.esvh,14.0,-0.8478691252633714,0.2560105213375244
esvh.mitral_valve,8.0,-0.30603306747067216,0.2832263931697462
other,226.0,-1.0638261725686948,5.695578626290546e-21
