feature,occurrence,estimate,p.value
aortic_and_mitral_valve,15.0,-1.32175583998232,0.008205093469714993
aortic_valve_transcatheter_apical_insertion_left_anterior_mi,21.0,0.739667196194838,9.276461149619557e-07
atrial_ablation,13.0,-0.34390517292311684,0.4098007272312676
bentall_procedure,27.0,-1.5365729987893841,0.0001001246843556817
cabg_triple_mitral_valve,15.0,1.38629436111989,0.005561235724619045
elephant_trunk_procedure,8.0,-0.5744975128163172,0.22079885937770685
femoral_cannulation,74.0,-0.33647223662121056,0.45182570056243443
mitral_valve,36.0,-0.6883259253882303,0.039236038270259656
mitral_valve_replacement_with_mini_thoracotomy,11.0,0.2928696431945477,0.48608808882918847
superior_vena_cava_cannulation,67.0,-1.7869630179366804,0.0018072462436983492
transcatheter_aortic_valve_insertion,76.0,-1.9328380674879582,1.4504443829495936e-10
aortic_valve.esvh,13.0,2.416862858536541,0.00022789701088659053
aortic_valve.ita,11.0,-14.071403650228747,0.9805405489013497
ascending_aorta_valve_sparing_root_replacement.axillary_cannulation,12.0,3.0277474087936116,6.163117781858322e-10
cabg_triple_mitral_valve.esvh,14.0,-2.415913778301048,0.00031646966097803077
esvh.mitral_valve,8.0,-0.2677696756051325,0.678485091501847
mitral_valve.tricuspid_valve,8.0,1.093791033496395,0.013203427897121166
other,1377.0,-4.173155636792327,5.6543963607637716e-86
