feature,occurrence,estimate,p.value
aortic_and_mitral_valve,15.0,-0.46643798968894395,0.16180028212391392
ascending_aorta_valve_sparing_root_replacement,22.0,-0.8398382908208107,0.09542000917959555
atrial_ablation,13.0,-0.7240807103676097,0.09282308393985106
axillary_cannulation,22.0,-1.1596527482140608,0.04555805215026825
cabg_single_mitral_valve,8.0,-8.147608169182976e-17,0.9999999999999998
cabg_triple_mitral_valve,15.0,1.0986122886681111,0.05705982036433693
elephant_trunk_procedure,8.0,0.4488293245584629,0.1829189347417307
femoral_cannulation,74.0,0.03933976774202211,0.861598919100082
mitral_and_tricuspid_valve,12.0,-0.09786453649255225,0.7862491438064294
mitral_valve,36.0,-0.21360427842813004,0.444730157863318
mitral_valve_repair_mini_thorocotomy,50.0,0.14375360697103762,0.5747464799790951
mitral_valve_replacement_with_mini_thoracotomy,11.0,0.29345967444039894,0.35407417526126145
sternotomy_redo,56.0,-1.053410781931976,9.70754911889477e-05
ascending_aorta_valve_sparing_root_replacement.axillary_cannulation,12.0,-15.24649522580862,0.9877385102446585
cabg_triple_mitral_valve.esvh,14.0,-0.4054651081081662,0.6569234597091906
cabg_triple_mitral_valve.ita,13.0,-1.8718021769015913,0.030666693832284507
esvh.mitral_valve,8.0,-1.8658372632517026,0.07234101149713021
esvh.sternotomy_redo,13.0,-16.137533979766275,0.9862760561123416
mitral_valve.tricuspid_valve,8.0,0.7967777342801213,0.04692735450039084
other,1413.0,-4.9508852896904045,3.0197229553109592e-55
