feature,occurrence,estimate,p.value
aortic_and_mitral_valve,15.0,0.5500463369192718,0.005036389921305571
aortic_valve,202.0,0.14331333226458304,0.02962345866604295
ascending_aorta_valve_sparing_root_replacement,22.0,0.5122134060510778,0.0017185490380978803
ascending_aortic_aneurysm_repair,20.0,-0.2573143352265988,0.308063390313682
bentall_procedure,27.0,0.2070945691207033,0.23560167094545045
cabg_double_aortic_valve,36.0,-0.25909384816095216,0.17874999391107424
cabg_single_aortic_valve,33.0,0.37948962170490286,0.0980956352036971
mitral_and_tricuspid_valve,12.0,0.43360093660551957,0.06933672589847624
mitral_valve,36.0,-0.38476513762781794,0.05566126943609411
mitral_valve_repair_mini_thorocotomy,50.0,0.6931471805599535,0.3269587102574718
mitral_valve_replacement_with_mini_thoracotomy,11.0,0.042635213852822866,0.8959460549731539
superior_vena_cava_cannulation,67.0,0.18913064675744493,0.4535668448678356
cabg_single_aortic_valve.ita,20.0,-0.724866269610195,0.038390324311507275
esvh.sternotomy_redo,13.0,-2.8444203344219288,0.009668101330628925
femoral_cannulation.mitral_valve_repair_mini_thorocotomy,49.0,-0.6797535632059243,0.37223553127697095
ita.sternotomy_redo,14.0,1.6562730570600104,0.0005693931936860557
other,1209.0,-2.4384624351519792,1.857207602731381e-138
