feature,occurrence,estimate,p.value
aortic_and_mitral_valve,15.0,0.5108256237659907,0.010645407795198002
aortic_valve,202.0,0.13137809360574482,0.04300672672904072
aortic_valve_mini_sternotomy,18.0,0.18475465127042592,0.3768566216639919
ascending_aortic_aneurysm_repair,20.0,0.8607236368654076,6.830744407681068e-10
atrial_ablation,13.0,0.5201696540790751,0.013058403574893443
axillary_cannulation,22.0,-2.4485460746700585,2.447087539220292e-05
bentall_procedure,27.0,0.7514580890875033,4.3348757910612887e-08
cabg_single_aortic_valve,33.0,1.4163424203820951,2.296203239558079e-09
heart_transplant,11.0,0.24116205681688807,0.36687320775937116
ross_procedure,17.0,2.323918242551603,7.797634896995095e-183
sternum_debridement,13.0,1.8475227888400252e-16,0.9999999999999994
ascending_aorta_valve_sparing_root_replacement.axillary_cannulation,12.0,-12.916396033272981,0.9716436548111747
cabg_quadruple.radial_artery_harvesting,9.0,-0.09848983272170013,0.8649800826269043
cabg_single_aortic_valve.esvh,11.0,-0.8094835406247374,0.01181273320432903
cabg_single_aortic_valve.ita,20.0,-0.9025294901467391,0.0015188145915967588
cabg_triple.radial_artery_harvesting,24.0,-1.0793190857334252,0.062406670949424
other,1289.0,-1.0001224559464095,1.6673786778953165e-102
