feature,occurrence,estimate,p.value
aortic_and_mitral_valve,15.0,-1.6094379124341003,0.005309543565497198
aortic_valve,202.0,-2.121419505064185,2.6404936384741054e-24
aortic_valve_mini_sternotomy,18.0,-1.4621952142230545,0.0034543144607106406
bentall_procedure,27.0,-1.3405959860547962,0.0027971061915165302
cabg_double,198.0,-2.3806837262833462,5.50510997151351e-24
cabg_triple,502.0,-2.244795515428311,4.931197700350367e-60
elephant_trunk_procedure,8.0,-0.6318462007113109,0.2750358027183771
femoral_cannulation,74.0,-1.2131894180625271,0.0013308130942416777
heart_transplant,11.0,-1.2992829841302616,0.024422033920018585
mitral_valve_repair_mini_thorocotomy,50.0,-2.0130183178353373e-14,0.9999999999999839
ross_procedure,17.0,-0.8450860928880015,0.025383511922058916
cabg_quadruple.radial_artery_harvesting,9.0,1.4330561270279123,0.01610574261362299
femoral_cannulation.mitral_valve_repair_mini_thorocotomy,49.0,-16.089395674929186,0.9740916885672936
other,600.0,-2.531668415696022,1.769254553378157e-67
