feature,occurrence,estimate,p.value
aortic_and_mitral_valve,15.0,0.1829498818672973,0.4623519345319361
aortic_valve,202.0,-0.2345371269054356,0.00562774572999467
aortic_valve_mini_sternotomy,18.0,0.04526344815329493,0.8438597014696116
ascending_aorta_valve_sparing_root_replacement,22.0,0.004044858690570109,0.9881780505246572
ascending_aortic_aneurysm_repair,20.0,-0.5716047415234421,0.07383543218591547
axillary_cannulation,22.0,-0.03588202673587632,0.9022012457856644
bentall_procedure,27.0,0.14770209701470835,0.48440288839870166
cabg_double_aortic_valve,36.0,8.01256147329751e-15,0.9999999999999889
cabg_single_aortic_valve,33.0,0.06973721430496527,0.7301092701028522
cabg_single_mitral_valve,8.0,0.31484877142143014,0.3768244070006661
cabg_triple_aortic_valve,20.0,-13.017245305676207,0.9865779456708531
cabg_triple_mitral_valve,15.0,1.1873738031011174,8.19091518219713e-05
elephant_trunk_procedure,8.0,0.1509424034967154,0.6783189485102132
esvh,804.0,-1.4684440240517111,2.2106747052094377e-17
mitral_and_tricuspid_valve,12.0,0.3220313457082655,0.2664483408763688
mitral_valve,36.0,0.18310424672886838,0.32916790747131836
mitral_valve_replacement_with_mini_thoracotomy,11.0,0.07113600650365262,0.8206079027044959
ross_procedure,17.0,-0.2098700700942704,0.4586146899144272
sternotomy_redo,56.0,-0.30190072086779307,0.17364916540878875
superior_vena_cava_cannulation,67.0,-0.12942499224341109,0.33642389884910723
tricuspid_valve,31.0,0.04907094958924082,0.8084229634825231
aortic_valve.sternotomy_redo,13.0,-0.27963243287709383,0.5524770792586987
cabg_double.esvh,155.0,-1.4908682439178296,0.00015217094040589674
cabg_double_aortic_valve.esvh,33.0,1.0844725150334003,0.08877342598273127
cabg_triple.esvh,446.0,-2.3406158247167714,7.59820742565097e-11
cabg_triple_aortic_valve.ita,19.0,14.43162210845765,0.9851197458665534
esvh.sternotomy_redo,13.0,0.7500698989591926,0.23780029327062568
other,420.0,-3.737669618283343,3.093402328317031e-32
