feature,occurrence,estimate,p.value
aortic_and_mitral_valve,15.0,1.1424660486478821,1.4764495466649162e-15
aortic_valve,202.0,0.8059837975684001,2.2120396729033843e-61
aortic_valve_mini_sternotomy,18.0,0.5628383299867841,0.0012526336992868007
ascending_aorta_valve_sparing_root_replacement,22.0,0.6915819268989906,2.4203420552155717e-06
ascending_aortic_aneurysm_repair,20.0,0.6679388772815148,1.7531850281208403e-07
axillary_cannulation,22.0,0.5239367339285812,0.0003192297586793351
bentall_procedure,27.0,0.5858251478510146,5.457363088183805e-07
cabg_double,198.0,-0.05168353857034286,0.737943548798054
cabg_double_aortic_valve,36.0,0.2396589683141344,0.07034026286909763
cabg_single_aortic_valve,33.0,0.7618544163651888,3.727686854312428e-12
cabg_single_mitral_valve,8.0,0.9986515358082072,5.147876993542093e-07
cabg_triple,502.0,-0.29726317297136007,0.05409473437358921
cardiac_tamponade,34.0,0.10963706742934065,0.4939722532936209
elephant_trunk_procedure,8.0,0.429095663219058,0.025026376211718847
esvh,804.0,0.4611248006865033,3.9796086543309733e-13
femoral_cannulation,74.0,0.6550376880088202,2.8286738652328015e-15
heart_transplant,11.0,0.7801585575495751,0.00013238401601561143
mitral_and_tricuspid_valve,12.0,0.7739064340195358,1.0512684418983705e-05
mitral_valve,36.0,0.652064591895531,7.982469862895414e-08
mitral_valve_replacement_with_mini_thoracotomy,11.0,0.2016964500965365,0.36633025532553337
ross_procedure,17.0,0.7402369343891518,1.0844561067565114e-06
sternotomy_redo,56.0,0.4312109462192397,0.00022053199585358866
sternum_debridement,13.0,-0.30299819358425534,0.33840351441484934
transcatheter_aortic_valve_insertion,76.0,-1.286210901927019,3.763552431653564e-09
tricuspid_valve,31.0,0.15926672381237109,0.2001455245303701
aortic_valve.cabg_single,11.0,-0.5707218631555715,0.011944806420217901
aortic_valve.sternotomy_redo,13.0,-0.27633363046636034,0.16484324896156627
cabg_double.esvh,155.0,-0.35654901299249664,0.052002715659491515
cabg_triple.esvh,446.0,-0.17591029551671314,0.31005894114359783
cabg_triple_mitral_valve.esvh,14.0,1.4590500171809389,0.00012408997248861042
cabg_triple_mitral_valve.ita,13.0,-0.9978328758018128,0.013416729414533785
esvh.mitral_valve,8.0,-0.32705910980507547,0.22767607756845096
esvh.sternotomy_redo,13.0,-0.47812075362834394,0.05342039310132527
other,188.0,-0.7038424696766952,1.1400539770216637e-11
