feature,occurrence,estimate,p.value
aortic_and_mitral_valve,15.0,0.15088638317088826,0.5354560862047135
aortic_valve,180.0,0.052575360766030727,0.48749597327299443
aortic_valve_mini_sternotomy,17.0,0.1048977009172125,0.6479895813690429
ascending_aorta_valve_sparing_root_replacement,20.0,0.16506059697662712,0.4208318339694765
ascending_aortic_aneurysm_repair,19.0,0.057948344039155344,0.7939531708593046
atrial_ablation,13.0,0.04971681418121974,0.8625610747843184
bentall_procedure,25.0,0.10248074044477172,0.5966602888541432
cabg_double,98.0,0.0074793983340889205,0.9867833814196275
cabg_double_aortic_valve,31.0,0.5024241415894717,0.28139081590452725
cabg_single,37.0,0.012642222909136424,0.9700693236839971
cabg_single_aortic_valve,33.0,0.1583885132067706,0.6958289384215239
cabg_triple,264.0,0.06087257659419132,0.7866222331097059
cabg_triple_aortic_valve,18.0,0.6322344262478276,0.4452549714362395
cabg_triple_mitral_valve,14.0,-2.4369131161394076e-15,0.999999999999998
esvh,446.0,0.02499561157575415,0.949005656135101
femoral_cannulation,65.0,0.05395440703541621,0.8190652681310698
heart_transplant,11.0,0.24116205681722644,0.36687301067285694
ita,484.0,0.12915131642267075,0.6697925233206967
mitral_and_tricuspid_valve,11.0,0.12825107187026735,0.6584318269866681
mitral_valve,31.0,0.035917142736371456,0.8466808904733882
mitral_valve_repair_mini_thorocotomy,45.0,0.06118062679183112,0.822844926299203
mitral_valve_replacement_with_mini_thoracotomy,11.0,0.023480130741416468,0.943529728446184
ross_procedure,15.0,0.10128871373540758,0.6827850277023756
sternotomy_redo,42.0,0.06088852561774412,0.6952901636595605
tricuspid_valve,28.0,0.08166125667978379,0.6745642238058489
aortic_valve.ita,10.0,0.07174584479465697,0.8263132837242604
cabg_double.esvh,85.0,-0.0629648937375139,0.9003694866908314
cabg_double.ita,93.0,-0.03427769263684758,0.9539641646163349
cabg_double_aortic_valve.ita,28.0,-0.624142792959015,0.2811859270102039
cabg_quadruple.esvh,37.0,-0.1308664728789582,0.7639751574033206
cabg_single.esvh,19.0,-0.031146988521024165,0.9494481088304817
cabg_single.ita,24.0,-0.07972980005677249,0.8608404340153131
cabg_single_aortic_valve.esvh,11.0,-0.16506352929229784,0.7840723790694388
cabg_single_aortic_valve.ita,20.0,-0.234340585232107,0.6581041079111025
cabg_triple.esvh,232.0,-0.15083904579695936,0.7401868419225046
cabg_triple.ita,245.0,-0.015606973478716408,0.9709258945812872
cabg_triple_aortic_valve.ita,17.0,-0.6751557191360179,0.41320487735644607
cabg_triple_mitral_valve.esvh,13.0,0.0981767450038433,0.9291917591866512
other,42.0,0.023530497410193852,0.8773733625860111
