feature,occurrence,estimate,p.value
cabg_double,198.0,0.11828743734101882,0.18119762152332605
cabg_double_aortic_valve,36.0,0.23976882120191315,0.08972472046646054
cabg_quadruple,99.0,0.9808292530117174,0.005533695506735679
cabg_single,61.0,0.37544520417601385,0.04582428865548584
cabg_single_aortic_valve,33.0,0.20337799324972236,0.3704697307842612
cabg_triple,502.0,0.3311197467453835,2.2223676323947825e-05
cabg_triple_mitral_valve,15.0,0.36039928193203047,0.05959933026783902
esvh,804.0,0.43720884135451543,1.0040123493850445e-08
radial_artery_harvesting_endoscopic,153.0,-1.6096873790093338,0.02499976509980291
cabg_quadruple.ita,96.0,-0.5453527974387972,0.1385899759461158
cabg_single.ita,41.0,-1.2653704807746216,1.1751554964373973e-05
cabg_single_aortic_valve.ita,20.0,-1.8662030502591964,0.0006603832498434933
ita.radial_artery_harvesting_endoscopic,147.0,1.3445794341091626,0.062442370284248615
other,683.0,-2.655293848660183,1.4029223076676887e-75
