feature,occurrence,estimate,p.value
aortic_and_mitral_valve,15.0,-1.0245204115329474,0.02202868951067689
aortic_valve,202.0,-0.8675214176209339,9.606064312038425e-14
aortic_valve_mini_sternotomy,18.0,-0.7893264926569209,0.025635186633451965
ascending_aorta_valve_sparing_root_replacement,22.0,-0.4343061667426265,0.11816638904241628
bentall_procedure,27.0,-0.4856397918717035,0.09446409061393883
cabg_double,198.0,-0.9807877550326061,5.601133206669822e-17
cabg_single,61.0,-0.7670137017497614,0.0002541181122505503
cabg_triple,502.0,-1.0296194151204916,4.1296996353940635e-06
cabg_triple_mitral_valve,15.0,-0.7621400520182587,0.04375391612308229
heart_transplant,11.0,-1.0116009110728152,0.0430487155222346
mitral_and_tricuspid_valve,12.0,-0.3186917611858699,0.39938914819806876
mitral_valve,36.0,-0.45477189313906985,0.047986434172296144
mitral_valve_replacement_with_mini_thoracotomy,11.0,-0.4519851237430016,0.23175884581743486
transcatheter_aortic_valve_insertion,76.0,-1.1952391215093323,9.903006382491223e-09
aortic_valve.sternotomy_redo,13.0,-0.5074759757612538,0.38938982231301
cabg_triple.esvh,446.0,0.03928141841652341,0.8684063293721724
esvh.radial_artery_harvesting,28.0,-0.19104855556249348,0.5932978462343131
other,497.0,-1.235622514814259,1.515922299926458e-49
