feature,occurrence,estimate,p.value
aortic_and_mitral_valve,15.0,-0.03550033169875732,0.8944813804404455
aortic_valve,202.0,-0.8801608126309878,2.252346734647269e-15
aortic_valve_and_ascending_aortic_aneurysm_repair,6.0,-0.12740467359332408,0.7761980860736353
aortic_valve_mini_sternotomy,18.0,-0.01031422231716923,0.9651467853455085
ascending_aorta_valve_sparing_root_replacement,22.0,0.12392690512835998,0.5461008668423057
bentall_procedure,27.0,0.17110619123700985,0.38022296572928405
cabg_triple,502.0,-0.45404466755621276,5.157712236732066e-16
cardiac_tamponade,34.0,-0.34830669426821576,0.08794342704821813
ecmo,8.0,-0.08451297263027963,0.8233184927685816
heart_transplant,11.0,0.08701137698962967,0.7630971032621735
intra_aortic_balloon,6.0,0.9346678076060603,0.002017245770023271
mitral_valve,36.0,-0.38657036305584513,0.1142147051264312
sternum_debridement_and_closure,26.0,-0.48238601471879905,0.05400829971985143
cabg_single.esvh,24.0,-0.6813532326032354,0.10050901070290254
mitral_valve.tricuspid_valve,8.0,-0.7519272646700758,0.3151408831560345
other,766.0,-1.1092583642517468,5.238962759870143e-69
