feature,occurrence,estimate,p.value
aortic_and_mitral_valve,15.0,-0.02496593949525235,0.9232294538169712
aortic_valve,202.0,0.09508135418821996,0.17250258453126502
aortic_valve_transcatheter_apical_insertion_left_anterior_mi,21.0,-0.3364722366212124,0.19252308075875807
ascending_aortic_aneurysm_repair,20.0,0.2623711291484408,0.17597451415393536
cabg_mini_thoracotomy_robotic,40.0,0.2221232943289667,0.16786424875470718
cabg_quadruple,99.0,0.6931471805599458,0.08953477187778738
cabg_single,61.0,0.07963903436490581,0.5453206735102476
cabg_single_aortic_valve,33.0,0.024046754268931124,0.8870497229537565
cabg_triple,502.0,0.28164628706518585,0.0467529233937169
cardiac_tamponade,34.0,-0.4906231733699036,0.024631417274890776
esvh,804.0,0.049923655121489725,0.5906785661012632
ita,920.0,0.09868244107494842,0.273598294160236
mitral_valve,36.0,0.11273634384288281,0.47023684978658664
ross_procedure,17.0,-0.14808198267021452,0.5696541420566102
sternotomy_redo,56.0,0.04465115033850971,0.7363460552852419
sternum_debridement_and_closure,26.0,-0.5500463252068529,0.03313173374938752
aortic_valve.esvh,13.0,-0.07294079888157128,0.7974539037771522
cabg_quadruple.ita,96.0,-0.6980269086540734,0.10025420370315168
cabg_triple.ita,464.0,-0.3526436861045861,0.02717531777359093
esvh.radial_artery_harvesting_endoscopic,117.0,-0.6004535213104336,1.1893181610286605e-06
other,311.0,-0.8645955868819163,4.329590194451955e-23
