feature,occurrence,estimate,p.value
aortic_and_mitral_valve,15.0,-0.2955786451698011,0.326978588040905
aortic_valve,202.0,-0.39949572545752127,8.518343108660228e-06
aortic_valve_and_ascending_aortic_aneurysm_repair,6.0,-0.33302702671453777,0.5084945395072339
aortic_valve_mini_sternotomy,18.0,-0.3916296699960126,0.17515891598417885
aortic_valve_transcatheter_apical_insertion_left_anterior_mi,21.0,-0.9650808956663952,0.006339227816328918
ascending_aorta_valve_sparing_root_replacement,22.0,-0.15039453267366518,0.5282552652797589
bentall_procedure,27.0,-0.2841191333831571,0.2339404933101744
cabg_double,198.0,-0.2143624125963678,0.06790019384431269
cabg_double_aortic_valve,36.0,-0.17657136107659,0.4166903740486027
cabg_quadruple,99.0,0.0908259674307878,0.8393873195420472
cabg_triple,502.0,-0.22872396281248053,0.014888949291886253
elephant_trunk_procedure,8.0,0.0416817878054089,0.9137233747908347
femoral_cannulation,74.0,-0.06463653095851678,0.8033155604601588
ita,920.0,-0.24469723601890966,0.0034121680962094342
mitral_and_tricuspid_valve,12.0,-0.4184041935774654,0.26937737552231433
mitral_valve,36.0,-0.6894703330801061,0.010124144662340039
mitral_valve_repair_mini_thorocotomy,50.0,0.6931471805599385,0.32695871025748524
mitral_valve_replacement_with_mini_thoracotomy,11.0,-4.913766187889364e-16,0.9999999999999992
ross_procedure,17.0,-0.40177649096847823,0.18333282528536432
transcatheter_aortic_valve_insertion,76.0,-0.6671716941507773,3.09321311884364e-05
aortic_valve.ita,11.0,0.5376068229458093,0.12459165185214327
cabg_quadruple.esvh,94.0,-0.30913485484002373,0.5097936531719858
femoral_cannulation.mitral_valve_repair_mini_thorocotomy,49.0,-0.7591308320184834,0.32325300910732335
femoral_cannulation.mitral_valve_replacement_with_mini_thoracotomy,7.0,-0.08951414886873155,0.8976227281362221
ita.mitral_valve,6.0,0.39071547851160426,0.5436839506663667
other,193.0,-1.70734205688847,5.375884437007475e-24
