feature,occurrence,estimate,p.value
aortic_and_mitral_valve,15.0,0.10635060119741165,0.6620173879531963
aortic_valve,202.0,-0.09437832206957897,0.19844820491853266
aortic_valve_and_ascending_aortic_aneurysm_repair,6.0,0.05558069781153599,0.8842116120794609
aortic_valve_mini_sternotomy,18.0,0.678238723908912,4.9180164063322295e-05
aortic_valve_transcatheter_apical_insertion_left_anterior_mi,21.0,1.2694972373007846e-13,0.9999999999995358
ascending_aorta_valve_sparing_root_replacement,22.0,0.1411908349940387,0.46605863904735956
ascending_aortic_aneurysm_repair,20.0,0.10187927698933838,0.623344942307531
atrial_ablation,13.0,0.3267412653862791,0.1403016119403423
bentall_procedure,27.0,0.23930233717132401,0.15400653070019493
cabg_double,198.0,-0.009615327392090443,0.8949067258774039
cabg_quadruple,99.0,-0.4483946803338234,0.0006388592080626795
cabg_single,61.0,0.0831635325786127,0.5902145572181422
cabg_single_mitral_valve,8.0,0.2787456119252694,0.3562158028871261
cabg_triple,502.0,0.296691261059703,0.010512595591315139
cardiac_tamponade,34.0,-0.39401574890338475,0.058934016910844066
elephant_trunk_procedure,8.0,0.4848464434226961,0.07460654722952433
femoral_cannulation,74.0,0.3353440022644775,0.0007839307159919906
heart_transplant,11.0,4.078967925238891e-11,0.9999999998920585
mitral_and_tricuspid_valve,12.0,0.338614807563357,0.15267955628023394
mitral_valve,36.0,0.40021882575174356,0.010385127103423226
mitral_valve_replacement_with_mini_thoracotomy,11.0,0.3660557066433818,0.11894213654191978
pericardial_window,14.0,-0.5596157878870996,0.11345787914584234
ross_procedure,17.0,0.5453971758197154,0.002562038762272811
sternotomy_redo,56.0,0.28069990879311646,0.020923960532168644
sternum_debridement_and_closure,26.0,-0.3136575574532602,0.17155078312609348
transcatheter_aortic_valve_insertion,76.0,-0.17185025692657308,0.1691927324359212
cabg_double.radial_artery_harvesting,8.0,0.5985158676212124,0.026074023481672988
cabg_quadruple.radial_artery_harvesting,9.0,0.7807462884684755,0.011051403546602468
cabg_single.esvh,24.0,-0.21774293300020567,0.39991120830164273
cabg_triple.esvh,446.0,-0.24991716485192755,0.04154350591776349
cabg_triple.radial_artery_harvesting,24.0,0.3827083171042182,0.020147788908506787
mitral_valve.sternotomy_redo,7.0,-0.75021891372903,0.065090212181687
other,204.0,0.03846628083997004,0.575425632123493
