feature,occurrence,estimate,p.value
aortic_and_mitral_valve,15.0,-0.5108256237659894,0.12540479122194392
aortic_valve,202.0,-0.5399076578370828,6.355253077494102e-08
aortic_valve_mini_sternotomy,18.0,-0.46993905268445924,0.11925186884828541
ascending_aorta_valve_sparing_root_replacement,22.0,-0.12336403104294448,0.6015789669848008
ascending_aortic_aneurysm_repair,20.0,-0.16848146744061213,0.5318149252207571
bentall_procedure,27.0,-0.5127216046391492,0.051899927290955675
cabg_double_aortic_valve,36.0,-0.4671948422901726,0.025994981540446105
cabg_quadruple,99.0,-2.2122654742946013,2.377513984447915e-13
cabg_single_aortic_valve,33.0,-0.6014261524415724,0.010755858198891764
cabg_single_mitral_valve,8.0,-0.5657139338293484,0.2162306446181668
cabg_triple_mitral_valve,15.0,-0.4054651081081641,0.19977486232149194
heart_transplant,11.0,-0.09531017980432485,0.7631115892471054
mitral_and_tricuspid_valve,12.0,-0.6336413110473454,0.12392668101413724
mitral_valve,36.0,-0.11287773880594246,0.5895111673544542
ross_procedure,17.0,-0.5243296247950053,0.09750688846179133
sternum_debridement,13.0,-1.1786549963416462,0.018407872869305848
aortic_valve.ita,11.0,-0.6867901328125341,0.24161836694726166
aortic_valve.sternotomy_redo,13.0,0.5323540216071151,0.08257541636162019
cabg_triple.esvh,446.0,-0.4862536205063658,0.02807888432907452
esvh.sternotomy_redo,13.0,0.5897413103324625,0.20976224010888125
mitral_valve.tricuspid_valve,8.0,-0.697816331200857,0.25617100827695166
other,1100.0,-2.2953847227753927,4.450727260159472e-79
